-29.92322348792832,-2.1449233299805828
-29.929292667166028,-2.058504419019269
-29.935112267259004,-1.9720683422740377
-29.940682239677848,-1.8856158205316833
-29.94600253797479,-1.7991475747162942
-29.95107311778407,-1.7126643258830545
-29.95589393682234,-1.626166795212178
-29.96046495488898,-1.5396557040030543
-29.964786133866465,-1.4531317736681795
-29.968857437720658,-1.3665957257269559
-29.97267883250112,-1.2800482818000196
-29.976250286341404,-1.193490163602905
-29.979659490731283,-1.1045437156607032
-29.98272410696958,-1.0179661710219752
-29.985538698500562,-0.9313801376051011
-29.988103241853466,-0.8447863374474106
-29.990417715642668,-0.7581854926510807
-29.992482100567866,-0.6715783253770593
-29.99429637941424,-0.5849655578388578
-29.995860537052597,-0.49834791229684766
-29.997174560439486,-0.4117261110520511
-29.998238438617324,-0.32510087644006486
-29.999052162714467,-0.23847293082524934
-29.99961572594531,-0.1518429965943856
-29.999897191679544,-0.07853972662254044
-29.99999936181392,0.006187985485937669
-29.99986223876546,0.09091564823629666
-29.999485823627914,0.17564258580350567
-29.99887011940374,0.26036812236818496
-29.998015131004056,0.34509158212231633
-29.996920865248633,0.4298122892742872
-29.995587330865813,0.514529568054441
-29.994014538492454,0.5992427427206275
-29.992202500673837,0.6839511375632457
-29.990151231863575,0.7686540769109274
-29.987860748423486,0.8533508851357929
-29.98503188792218,0.947556162076971
-29.982170586633423,1.034140664519925
-29.979059265253134,1.120716543306241
-29.97569794972649,1.2072830764832678
-29.972086668083378,1.2938395421762074
-29.968225450438116,1.380385218594187
-29.964114328989236,1.466919384036465
-29.95975333801922,1.5534413168981294
-29.95514251389419,1.6399502956763023
-29.950281895063622,1.726445598976209
-29.94517152206001,1.8129265055170074
-29.939811437498555,1.8993922941379895
-29.93508097341307,1.9725433113630202
-29.929260001871608,2.058979295759986
-29.923189451457816,2.1453981104129762
-29.916869372793762,2.2317990346790926
-29.91029981858232,2.318181348064541
-29.903480843606744,2.4045443302306992
-29.89641250473017,2.4908872610003048
-29.889094860895195,2.5772094203631433
-29.88152797312335,2.6635100884822416
-29.873711904514604,2.749788545699917
-29.86564672024683,2.8360440725435994
-29.857332487575274,2.9222759497320125
-29.84800456211243,3.016060950994818
-29.839219782551964,3.1017676844920814
-29.830188901820947,3.1874488359310895
-29.820911994402213,3.273103698650293
-29.811389136807755,3.3587315662048014
-29.801620407578046,3.444331732372449
-29.79160588728139,3.5299034911596165
-29.781345658513295,3.6154461368067943
-29.770839805895754,3.7009589637947684
-29.760088416076556,3.7864412668501792
-29.749091577728596,3.8718923409513333
-29.737849381549097,3.9573114813342616
-29.72527039103774,4.050716008274957
-29.713449108101933,4.136537453019907
-29.701380045931995,4.22232440334857
-29.689063305171327,4.308076143887136
-29.67649898852873,4.393791959555329
-29.663687200777538,4.479471135572449
-29.650628048754715,4.565112957463386
-29.63732164135999,4.650716711064525
-29.623768089554954,4.73628168252962
-29.609967506362118,4.821807158335934
-29.59592000686398,4.907292425289979
-29.58162570820206,4.992736770533668
-29.56933785446994,5.06500334138204
-29.55458824127028,5.15037026717192
-29.53959217357074,5.235694244235258
-29.524349776422913,5.320974561058936
-29.508861176932523,5.40621050649386
-29.49312650425837,5.491401369760947
-29.47714588961124,5.576546440457135
-29.460919466252832,5.661645008561116
-29.44444736949462,5.746696364439447
-30.40865406125329,6.02608979214746
-30.391125597509067,6.113876423058369
-30.37334370341424,6.201612070604424
-30.353710910220883,6.297001983383662
-30.335805505378715,6.382703529056815
-30.317658128816305,6.468354163480745
-30.299268925285073,6.553953203468447
-30.280638041465412,6.639499966244271
-30.261765625965438,6.724993769449654
-30.242651829319822,6.810433931148467
-30.223296803988625,6.89581976983237
-30.203700704356024,6.9811506044264275
-30.18386368672914,7.066425754294314
-30.163785909336724,7.151644539244054
-30.143467532327975,7.236806279533075
-30.120583720354894,7.3314689077354664
-30.0992868849833,7.418418228670601
-30.077739052892174,7.505305687720185
-30.055940403767995,7.592130560333287
-30.033891119388795,7.67889212248088
-30.01159138362267,7.765589650661801
-29.989041382426183,7.852222421908968
-29.96624130384288,7.938789713795227
-29.943191338001693,8.025290804439454
-29.919891677115327,8.111724972512622
-29.896342515478707,8.198091497243752
-29.872544049467315,8.284389658425958
-29.847832316073276,8.372986685261822
-29.821111861381723,8.467661268080949
-29.7940911084248,8.562250581645117
-29.76677032930119,8.656753673441012
-29.739149799130836,8.751169591823498
-29.71122979605217,8.845497386025375
-29.683010601219326,8.939736106166727
-29.654492498799264,9.033884803264765
-29.62567577596896,9.127942529243157
-29.596560722912503,9.22190833694159
-29.567147632818145,9.31578128012548
-29.53743680187539,9.409560413495278
-29.514356754690496,9.481705825264537
-29.486853159298384,9.56689556554136
-29.45910367424647,9.652005527868187
-29.43110853093657,9.737035002516564
-29.40286796281902,9.821983280429205
-29.374382205390784,9.906849653225857
-29.345651496193405,9.991633413209366
-29.316676074811095,10.076333853371404
-29.287456182868723,10.160950267398452
-29.257992064029754,10.245481949677721
-29.228283963994265,10.329928195302983
-29.198332130496887,10.414288300080482
-29.167303837580985,10.500875527604048
-29.13685860986972,10.585058825932933
-29.10617041108885,10.669153855890155
-29.075239497146,10.753159916210738
-29.044066125972794,10.837076306371559
-29.012650557522708,10.920902326597252
-28.980993053768863,11.004637277866127
-28.949093878701905,11.088280461915804
-28.91695329832774,11.171831181249228
-28.88457158066533,11.255288739140395
-28.851948995744525,11.338652439640105
-29.748733745139297,11.79037067105231
-29.719835656068835,11.863025270826137
-29.685454614034164,11.94879844830089
-29.650826026210297,12.034471985235173
-29.61595018136359,12.1200451672009
-29.580827370322304,12.205517280606784
-29.545457885974127,12.290887612704354
-29.509842023263715,12.376155451593961
-29.473980079190312,12.461320086230536
-29.43787235280519,12.546380806429713
-29.401519145209186,12.631336902873654
-29.364920759550227,12.716187667116905
-29.328077501020736,12.800932391592472
-29.287717523869365,12.893005942837199
-29.250363985112102,12.977526988546657
-30.12566548279259,13.470125434415191
-30.08664188924874,13.557063835067796
-30.047367404431434,13.643889183920823
-30.007842355849014,13.730600756941188
-30.87619031773859,14.235900795621808
-30.834952248104898,14.325003310892834
-30.79345704706837,14.413986370548413
-30.75170506065577,14.50284923256249
-30.709696637035204,14.591591155911297
-30.66743212651318,14.680211400579603
-30.621161620499983,14.77648337769237
-30.579306920191463,14.862906454685454
-30.537208305888367,14.949210978602931
-30.49486611338773,15.035396261042033
-31.34793599455981,15.56621048556718
-31.30384800394954,15.654683010065211
-31.2595103200865,15.74303066592979
-31.21492329662756,15.831252748461125
-31.17008728921838,15.919348553961214
-31.125002655490693,16.0073173797391
-31.07966975505935,16.095158524116783
-31.03408894951949,16.18287128643469
-30.98309589663592,16.280287732711066
-30.9362134868876,16.369199586226376
-30.889075928432074,16.45797643355823
-30.84168361003982,16.546617542513072
-30.794036922582475,16.6351221820168
-30.746136259029658,16.723489622120788
-30.6979820144456,16.81171913400811
-30.649574585986,16.899809989999333
-30.600914372894696,16.987761463558602
-31.424916112971843,17.5634463387082
-31.374346834505197,17.65362174479145
-31.323518793794136,17.743651551324646
-31.267620984884367,17.841969564642206
-31.215114351538496,17.933673243939047
-31.162338764544174,18.025222404280832
-31.109294678622934,18.116616256867694
-31.05598255080981,18.20785401423783
-31.00240284044935,18.298934890274303
-30.94855600919152,18.389858100212066
-30.894442520987965,18.48062286064436
-30.84006284208779,18.57122838952976
-30.785417441033673,18.661673906198764
-30.730506788657777,18.75195863136057
-30.675331358077706,18.842081787109795
-30.629199939265845,18.91697943860164
-30.574445243017614,19.005349196521422
-31.367197687382802,19.623937149324725
-31.310398416332824,19.714435092350556
-30.408653237014594,19.26950462028025
-30.35288146540872,19.357236030664286
-31.138435931878714,19.98493952245752
-31.080595139946507,20.074775359807486
-31.022495168205474,20.16444379442855
-30.96413650114883,20.253944078579426
-30.90551962542717,20.343275465920826
-30.84664502984417,20.432437211522025
-30.78230251882786,20.529243815575963
-30.72289141199599,20.618048968966555
-30.66322410823201,20.706682189291918
-30.603301105099078,20.795142737443317
-30.5431229022927,20.883429875751805
-30.482690001636424,20.971542867994586
-30.422002907077715,21.05948097940106
-30.36106212468378,21.147243476658886
-30.299868162637335,21.234829627920178
-30.23842153123227,21.322238702807656
-30.992309844028227,21.98810429599949
-30.9286850772435,22.077509809593455
-30.06215655035863,21.57004273388743
-29.999742907636357,21.65676396592349
-30.746189344187382,22.330961484257198
-30.6815755271572,22.41965484059352
-30.61670585772636,22.50816124034712
-30.551580876840408,22.59647994546671
-30.486201127573818,22.68461021946634
-30.420567155125678,22.772551327431206
-30.35467950681501,22.86030253602399
-30.288538732076177,22.94786311349101
-30.222145382454443,23.035232329668123
-30.949065801380133,23.730893915355203
-30.874360394634493,23.82800600600531
-30.805802473253372,23.916574461634262
-30.736990478739536,24.00494566354765
-30.667924978624917,24.09311888289754
-30.598606542532405,24.181093392468696
-30.529035742170922,24.268868466684854
-31.240218616749477,24.980967570886826
-31.168348047055247,25.070581964079484
-31.096220414106853,25.15998958579443
-31.023836312782286,25.249189698635703
-30.951196340074766,25.338181566918774
-30.878301095087842,25.42696445667664
-30.798267683564,25.5238458640452
-30.726058970624056,25.610726271110174
-30.65360517313068,25.697402395763973
-30.580906869007194,25.783873546639743
-31.270663754080402,26.516892509855715
-31.195648538867797,26.6051031240143
-31.120384493448938,26.6931015241748
-31.044872218162904,26.78088700842332
-30.96911231532879,26.868458876544267
-30.893105389240947,26.95581643002586
-30.816852046163934,27.04295897206594
-30.740352894328012,27.129885807577214
-30.654970287145225,27.226325435031505
-30.57622039749605,27.314734964918593
-30.497215533998354,27.402916718350436
-30.417956355470388,27.490869959983048
-30.338443522851232,27.578593956377944
-30.99669422844385,28.340870609569418
-30.914724416731108,28.43026229632026
-30.83249680839867,28.519416904279197
-30.75001208913922,28.608333689989564
-30.667270946789394,28.697011911978
-30.58427407132427,28.78545083076035
-30.501022154851285,28.87364970884822
-30.410162541866825,28.969328852723528
-31.04890904813848,29.74836544955747
-30.963347987145905,29.837410769483796
-30.87753155365226,29.926210003159586
-30.791460455435008,30.014762418206512
-30.70513540237189,30.10306728428199
-30.61855710643508,30.191123873085182
-30.531726281685582,30.278931458362763
-30.444643644266957,30.36648931591526
-31.06329386385088,31.162024554384207
-30.973672918151458,31.25110535580095
-30.883796514795392,31.339928411416512
-30.80164303076034,31.420674509081007
-30.705780532464065,31.51436247002549
-31.30530654794166,32.32611609735078
-31.2066833859823,32.42133421139631
-31.10777061032351,32.516251439172585
-31.00856913892557,32.61086689980002
-30.90907989242794,32.70517971519965
-31.493954989566223,33.52805987699224
-31.391669364926376,33.62384711009647
-31.289092409824285,33.719322297007636
-31.186225076225643,33.814484551668016
-31.75878719528646,34.64649240377024
-31.64978548511709,34.74609443874335
-32.221143000752996,35.57805424310085
-32.11883507895787,35.670442009746736
-32.016262254696485,35.76253558178582
-32.57828840256975,36.601299495495915
-32.47304039496208,36.69470871266267
-33.02808628934042,37.53858702806864
-32.9201446720348,37.63328413482271
-32.81193154340284,37.72767085828445
-33.35751675185918,38.578181348392185
-33.8984820973501,39.432130445813286
-33.78509890668569,39.52931939542427
-33.03377465736706,38.85575545381011
-32.92205029855288,38.9504634650161
-32.81005441269564,39.04485022939583
-32.697787923489585,39.13891496848755
-32.585251756860984,39.23265690648529
-31.835732197019794,38.55497575514264
-31.724876574660758,38.646244401268035
-30.98148411305672,37.96245042344361
-30.87233366086581,38.051268235528916
-30.76292858682126,38.139772216967096
-30.653269793249525,38.227961637815014
-30.543358184569588,38.31583577072391
-30.42283490909406,38.411601321658125
-30.31178601373117,38.499293872196816
-30.81682076492576,39.37414834561429
-31.931110284407275,41.04149358886711
-32.4242387914772,41.924560090635
-32.912528367043706,42.81081027601023
-32.18156603679514,42.11112450908184
-32.05982661184291,42.203880362101415
-31.93781984131075,42.29628427869258
-31.81554674260805,42.388335488302936
-31.693008335365246,42.48003322332116
-31.57020564142505,42.57137671908361
-31.466090003283387,42.64839012090924
-30.751428463170257,41.93267994624863
-30.041167793778083,41.21320465076783
-29.33532376138312,40.48998369738905
-28.633912056512422,39.76303660863834
-27.35492853761174,38.219208321237566
-26.66477890480448,37.4831904452902
-25.979113048322283,36.74351215143281
-25.297946333936224,36.00019321177711
-24.048705816840105,34.433410352956344
-0.0,0.0
-0.0,0.0
-0.0,0.0
-0.0,0.0
-0.0,0.0
-0.0,0.0
-0.0,0.0
-1612.8281640268774,2428.17015740695
-1603.6060453550765,2429.4790905255086
-1592.7444375485836,2428.2465189222544
-1584.633596776397,2431.1602917058963
-1577.6064732404168,2435.7261372309354
-1571.6485967235485,2441.953457463287
-1572.1331506500273,2458.276094466856
-1570.1950773689166,2471.370352457604
-1577.0503547533879,2497.8046718212804
-1584.830963994632,2525.9918478815102
-1576.592329239332,2528.7856032854384
-1569.4039087603242,2533.2531202325235
-1564.8239746624731,2541.9580894109054
-1559.1636154846894,2548.9513177282756
-1565.4219640111749,2575.587326143572
-4248.3315436954545,7034.714144500984
-4229.363999291095,7048.466511341346
-4208.8163468879,7059.591061681207
-4182.123917379124,7060.331121107954
-3477.0965562521264,5910.012566695574
-3456.4834090816153,5913.985326558017
-3435.374241391805,5917.023561012892
-0.0,0.0
-0.0,0.0
-0.0,0.0
-0.0,0.0
-0.0,0.0
-1590.6800732501779,2852.4538391645897
-1575.1685730581348,2843.913670709784
-1563.0936515380272,2841.441049277904
-1552.9640093688847,2842.432723144898
-1544.9799918271056,2849.0556022748865
-1537.8757947236913,2855.168478391945
-1529.3342082099573,2858.618701330911
-1520.316170218627,2861.1603839302275
-1512.6961940884487,2866.327131433243
-1515.7366273890834,2891.8449952221104
-0.0,0.0
-0.0,0.0
-0.0,0.0
-0.0,0.0
-0.0,0.0
-0.0,0.0
-0.0,0.0
-0.0,0.0
-0.0,0.0
-0.0,0.0
-0.0,0.0
-0.0,0.0
-0.0,0.0
-0.0,0.0
-0.0,0.0
-0.0,0.0
-0.0,0.0
-0.0,0.0
-0.0,0.0
-1466.740220676921,3241.610267297507
-1460.7016869930785,3253.1072195080774
-1452.1672029415067,3259.1155878092204
-1441.9927586092545,3261.443374354133
-1432.218672036035,3264.6553685605677
-1422.0389201445362,3266.921227944463
-1413.0474065659794,3271.909691112693
-0.0,0.0
-0.0,0.0
-0.0,0.0
-0.0,0.0
-0.0,0.0
-0.0,0.0
-0.0,0.0
-4712.381801332868,11630.600103110191
-4676.723828041047,11638.518085917687
-3604.530112274409,9045.249121483997
-3577.068516466112,9051.843449182434
-3548.5042437755824,9055.561475243083
-3521.396826385535,9062.91859122225
-3226.0943064875587,8374.066606234306
-3200.9614529715504,8380.494423158472
-3177.2348074888923,8390.587761181037
-3412.4944750276522,9098.075096299533
-3386.556012745531,9108.828814536866
-3361.621220671953,9122.323540015888
-3335.9505921399627,9133.871558479517
-3309.9009456492613,9144.407073724908
-3283.480634415269,9153.927021962754
-3258.37259602324,9167.13963161273
-2977.096308805938,8453.066991813921
-0.0,0.0
-2921.691874551053,8451.217698662267
-2898.2469430000283,8462.457660596654
-2874.761451428657,8473.63266830583
-2852.4531030526437,8475.892890715724
-1905.5482713332249,5716.778969456398
-1892.1666568283856,5731.753775485029
-1881.51105109523,5755.253353641916
-1869.1955008520647,5773.982090342366
-0.0,0.0
-1933.2192121631056,6091.596217554432
-1916.5195233152995,6100.01548495996
-0.0,0.0
-0.0,0.0
-0.0,0.0
-0.0,0.0
-0.0,0.0
-0.0,0.0
-0.0,0.0
-4770.8608368866835,16525.098694865967
-0.0,0.0
-0.0,0.0
-0.0,0.0
-0.0,0.0
-0.0,0.0
-0.0,0.0
-0.0,0.0
-4351.63665390479,16493.593375380402
-4310.564017248514,16501.274582686103
-4260.6214732800345,16507.010894205683
-4208.458369022964,16503.875367809847
-4156.349920821031,16500.576091024548
-4090.29374539551,16440.82908725647
-0.0,0.0
-3993.9921264652035,16463.45977896912
-3945.6778434493103,16474.07740529688
-3895.0348025995904,16474.821543389717
-3841.694206233982,16463.72441538634
-3790.4711980064644,16461.2269317048
-3739.073994323759,16457.59565261499
-3682.545920677519,16447.792573537077
-3635.942084336652,16461.229879913277
-3571.4099045220223,16392.46047101783
-3526.209006827621,16411.448627106864
-0.0,0.0
-0.0,0.0
-0.0,0.0
-0.0,0.0
-0.0,0.0
-0.0,0.0
-0.0,0.0
-0.0,0.0
-0.0,0.0
-0.0,0.0
-0.0,0.0
-0.0,0.0
-0.0,0.0
-0.0,0.0
-0.0,0.0
-0.0,0.0
-2683.796028268143,16377.559490920865
-0.0,0.0
-2596.8085213139516,16441.18640803124
-0.0,0.0
-0.0,0.0
-2449.2830289428452,16377.869600290893
-2403.2534842749305,16391.762006883837
-2357.022117285504,16404.535218610337
-2311.434085403476,16422.12923067027
-2263.306832421879,16421.765166458583
-0.0,0.0
-2167.639590089213,16424.57998268077
-0.0,0.0
-0.0,0.0
-0.0,0.0
-0.0,0.0
-0.0,0.0
-1880.1836229826677,16464.996008012506
-1831.5235841108872,16460.418140522605
-1783.336534147287,16459.673350524776
-0.0,0.0
-1687.8373606330122,16465.71920822323
-1639.4891045856598,16462.563939919713
-1591.2693778264315,16460.262171885108
-1543.2633221873293,16459.81051890912
-1495.2731484675064,16459.218912556942
-0.0,0.0
-1398.9184712099216,16452.63416936351
-1358.548393138519,16454.010035960862
-0.0,0.0
-1195.1910936359716,15565.180347483714
-0.0,0.0
-0.0,0.0
-1058.2586604426265,15533.994612062867
-1013.5777984207513,15535.97184107092
-968.3964181790684,15529.83607052109
-923.3180139421022,15524.567235357319
-878.1083551355741,15516.172424816667
-833.1154395392695,15510.641755401397
-788.2630708151503,15506.978117324765
-739.2568757283566,15503.384800477874
-694.0368710772736,15495.464943704828
-648.8269156874924,15486.414163177977
-603.8698961438922,15482.227783769724
-558.9424672959668,15477.91094813034
-513.9786020432704,15471.464894981395
-205.90955422794315,6788.878055723026
-186.08485963229,6781.447369479147
-166.2311698248226,6770.959769351659
-146.52622960669854,6764.413209143661
-126.87925526752736,6758.809189094094
-107.36116042478102,6759.147400466441
-90.88545950439413,6762.389284361754
-3717.7385619328284,5653.06783836154
-6184.969217011087,2767.730439299547
-6714.2652078170595,-997.7909195304093
-5133.226896978182,-4464.391405795391
-1929.6062333583814,-6545.5019505141445
1900.0647144346374,-6567.672577173776
5166.1553718682435,-4539.159357603221
6815.87407947479,-1048.1777200187382
6324.230599921563,2791.7156586973083
3836.555928269481,5769.911577247983
128.8485629258031,6963.808085224057
150.9417433518817,6973.366589396681
171.0901830413981,6977.902847508473
190.96471540775758,6971.384975560397
210.62170515365625,6958.81329662739
230.34055863633458,6950.18411461503
249.72363903756332,6933.504316296763
269.12941033973226,6919.768374771672
288.3748841728969,6903.980006212233
307.44269466996064,6886.14028244372
326.41042357820294,6868.248119817709
345.3282667668256,6851.30267818988
364.31110117047217,6837.301106545181
384.66239736865947,6816.154622663031
403.39632217349987,6799.043492084523
422.03463816875126,6781.881137574277
440.64219759398907,6765.665854422574
459.2275068210049,6750.397476962298
478.08208479987826,6740.065765272131
496.6599259586807,6726.689670108672
515.623588498391,6719.244995904231
534.5484001857062,6711.746941583756
553.598752173696,6706.188889495414
572.9620569506934,6704.562288568496
592.2325587672594,6701.883660310435
611.4107872345493,6731.289464081398
960.5029779463681,10246.078031586338
989.4133409155662,10236.294116564759
1018.8697101768671,10232.399206133628
1048.719660195174,10232.398696020406
1078.4732727564644,10231.316601491226
1108.444778518366,10232.136344526267
1138.0982980377812,10229.886669167137
1167.2943083136893,10223.576869069771
1198.4406109931654,10234.068404203792
0.0,0.0
1192.355943401125,9696.96794385936
1220.8721620198273,9691.403157644667
0.0,0.0
1270.157271306488,9633.628055210937
1303.5814697282194,9671.5436385192
1333.9606649663458,9685.570604993933
1363.8745270222887,9695.54161842131
1392.435505848212,9695.522077848786
1420.5726936085857,9692.450114505293
1448.703749666542,9689.296488688025
1476.828436995978,9686.061210196847
1504.9465185762688,9682.744289519638
1534.1527986495441,9686.259556216517
1563.3758503474633,9717.037611872784
1182.3340855783606,7215.77647312329
1203.1663164214442,7212.332134270361
1224.1559086003756,7209.8135420715835
1245.6517088547992,7210.190068245574
1267.5060574798947,7212.4723496351635
1290.0876822517712,7218.626100034705
1102.6594857335817,6068.637908008827
1125.6277743914604,6094.929541308786
1145.6214018228584,6104.430571616441
1163.4318148992622,6102.079187627788
1181.2381994145746,6099.675836980504
1199.7171474019358,6098.106572226314
1218.3011269131662,6099.519847017642
1237.6980622195147,6104.796844021761
0.0,0.0
0.0,0.0
0.0,0.0
0.0,0.0
0.0,0.0
0.0,0.0
0.0,0.0
0.0,0.0
1226.5029696936379,5333.799721149332
0.0,0.0
1265.0097864893437,5370.012964610624
1279.583208138392,5362.446812179143
1294.3583992762044,5355.813321450174
1310.2945389011988,5353.995911590305
1326.9525338208796,5355.043041188964
1343.870815461416,5357.008515146404
1361.3037468894984,5360.859362891794
1380.2636311560882,5370.465278586932
1399.5420328505243,5380.974084520815
1417.1110368616785,5384.646720928386
1435.484810088811,5391.161689284072
1454.33620902827,5397.49999454463
1471.3230250667395,5399.113312008599
1489.9249769913374,5406.457949798311
1507.507133426857,5409.887082247386
1525.1210123380372,5413.259821745581
1543.8621496397948,5420.423015126181
1561.27324443123,5422.718400970419
1579.268862837352,5426.878832153194
1598.1474362481752,5433.858736847452
1615.6542447591116,5435.982189208484
1633.1862017152278,5438.04991063221
1651.904604163782,5443.8894348381555
1672.2260100975143,5449.188946178445
1691.125690077331,5454.870750105861
1710.6694878452643,5462.397450145423
1729.0640385644772,5466.0430432391495
1746.884944294152,5467.722834178632
1765.036811002984,5470.296980585645
1785.0766596032995,5478.5167079547655
1804.2406488734593,5483.816616276722
0.0,0.0
1839.2060196180819,5483.79222959811
1873.5478802337846,5533.4241063261625
1890.078195369742,5529.9132376003745
1908.78565701903,5537.236342757859
1928.62327389367,5543.06533133028
1946.190820701293,5542.221331688047
1962.0992566283417,5536.6092969559
0.0,0.0
1999.9773602030461,5542.179585566968
2015.5433150184085,5535.473434611045
2033.5011052311706,5535.294233825661
2055.99237319676,5547.247187691995
2083.121901637809,5571.293130227207
2106.171478319333,5584.00086890342
2123.6216248841547,5581.667778928121
2142.5805664231602,5578.702762863944
2156.521878065736,5567.966809296175
0.0,0.0
0.0,0.0
0.0,0.0
2254.9654855426184,5632.372471615451
2271.238053360741,5626.908716601515
0.0,0.0
2310.1964203627454,5631.56829838218
2326.474340069586,5625.94535567115
0.0,0.0
0.0,0.0
0.0,0.0
0.0,0.0
2628.3030289507283,6103.117907103583
2642.235963526712,6087.288814656823
2657.3020861670575,6074.178596555439
2673.928435978403,6064.69213722066
2690.9282765196804,6056.074141770956
2708.3093525856048,6048.321209285875
2728.958471137811,6047.810402352671
2751.2826193561873,6050.872081644807
0.0,0.0
0.0,0.0
0.0,0.0
0.0,0.0
0.0,0.0
0.0,0.0
0.0,0.0
0.0,0.0
0.0,0.0
0.0,0.0
0.0,0.0
0.0,0.0
0.0,0.0
906.6755757144497,1797.250233106918
907.7556854982586,1787.7372892697592
908.3330184622371,1776.2196169312176
911.1410206137891,1769.1585685163618
914.8367987042794,1763.8714895752769
919.4356525027148,1760.3505562548917
923.5563298941541,1755.9327166814905
927.6592232794184,1751.505742344177
931.7443142185402,1747.06969893059
934.8653644975526,1740.8626454326768
938.9097398191346,1736.411385724237
944.8489162317951,1735.464354429558
0.0,0.0
0.0,0.0
1151.208787634009,2070.4780431760764
1157.6386102021418,2068.0359881223667
1163.5729379147995,2064.7028885901045
1168.0172921774836,2058.743452976689
1173.4289355190833,2054.5122373173035
1178.3274669008654,2049.400005061723
1183.2063212566816,2044.2765960941367
1188.0654748327502,2039.1420812465306
1193.4108010256755,2034.8591253438788
0.0,0.0
0.0,0.0
221.1426088782581,369.94181507166473
222.19239718628106,369.3122508563911
221.6865157736033,366.1134915899166
220.6438829136529,362.0666747061738
219.58006812280402,358.0287609720548
217.96988500255404,353.1488768663626
217.38906203539352,349.9799932958623
216.79201001279864,346.8172781085317
217.24367934270958,345.3537082262792
0.0,0.0
219.20186065887458,344.11414426565983
218.019692221536,340.1226452379005
217.4602566710578,336.91547421951054
217.88754951929604,335.4474858520724
219.40245861739842,335.6539306378532
219.27171292315174,333.3480402098487
217.4735980979169,328.54411291384554
218.4214355953667,327.9147396389176
219.3674516854182,327.2826318964172
219.75247188415707,325.81873964031405
0.0,0.0
220.50265646079797,322.8925184852249
220.86783331415054,321.4302415876773
221.22640835270803,319.9685550915291
221.0325121132463,317.66905513270825
221.92880941973357,317.0435357321445
0.0,0.0
222.55993080762184,314.1529519181804
223.44629164574542,313.52313271872697
224.33087017802032,312.8908127209429
225.79862989242213,313.0670515060711
0.0,0.0
226.3842990079676,310.1711610750927
225.48393494111113,307.1123492851969
223.97401750269734,303.25672207504556
224.23323397130122,301.8202391867909
224.58143827656508,300.3134655349796
226.65011172108947,301.26189081398536
227.51912746881447,300.60613206624606
225.96304970042547,296.76539584338843
225.60289556657997,294.523909915604
225.23169029209126,292.28699199274587
226.07479493603148,291.6353666732334
226.9160143515237,290.9813094183527
226.52089522815245,288.75124939129944
226.7342916529327,287.31091345203515
227.56302049750954,286.6549697843211
229.63788367990762,287.5594588585345
231.11640944955425,287.6564014291112
233.83185849068855,289.3210361428816
237.8204801932087,292.52421985311173
240.56340215051324,294.1585449137428
243.31773040054904,295.77944836098015
247.99597560937852,299.69817497200836
253.33859425259809,304.36089870763203
257.4262514320889,307.46174570769443
260.88973102166824,309.7766102329897
265.661461668835,313.6000442984313
271.105996496701,318.15961193012976
277.2298165552525,323.44957692465925
281.9350897150497,327.3172851949113
282.87911570354134,326.5017701311625
283.1637902219634,324.9296353168358
276.850080768285,315.83861825083085
263.87293171539005,299.2859433851264
0.0,0.0
0.0,0.0
4511.717169613718,5028.711980359661
4524.210016437541,5013.435222197074
4538.668562866597,5000.349655418754
4561.180046529482,4996.084625298226
3934.3972424673266,4284.624527127844
1102.842929076288,1193.4665784119945
1099.4580555275202,1182.9695617959258
1097.387801618672,1173.9629520809156
1098.014829016339,1167.8923046497994
1100.677255109623,1164.0075515581268
1102.6372816239875,1159.3925242008695
1104.579890034924,1154.77585120682
1107.1983860168598,1150.878244646957
1109.1082454204068,1146.2564721476895
1111.6981285448303,1142.3498899154854
1115.6736904654792,1139.8671924409168
1119.6441555302856,1137.3710762046278
1121.7166615273313,1133.920954587214
1123.0202128135834,1129.811754945103
1125.017189977368,1126.4103702716106
1126.295956787609,1122.300056902736
1127.5614940339783,1118.190089909521
1127.390338086813,1112.6756156169242
1127.9126642925694,1107.8691356511554
1129.8486310166593,1104.4646083011357
1131.7747626971143,1101.057167690166
1134.409491893767,1098.342435081758
1136.3176095333201,1094.9275274028325
1138.2158797111172,1091.5097851936316
1140.1914741380067,1086.5488494784756
1141.1466110578292,1081.1884257941497
1142.808218638963,1076.5172434342333
1145.9121368612898,1073.2126418347823
1148.2746480957953,1069.2176263700842
1137.4149583163767,1052.9896545541912
1108.0768661689729,1019.9027692192763
1109.5419875374835,1015.3485007086832
1110.9900584894076,1010.7942866566385
1112.4210915893168,1006.2401875234526
1114.5786477392617,1002.3549461162539
1114.4866195258792,996.4660430229313
1114.6768086935267,991.7457396736397
1115.2733381016353,986.5527767532943
1115.0983445620004,980.7041765767524
1115.6517828922074,975.522987596622
1116.1846774474307,970.346724543127
1116.6970611319946,965.1754626279962
1117.1889671126273,960.0092769144583
1112.338236299699,950.3013459243731
536.5715622876806,455.7487888564902
535.5860998974404,452.2704164508762
534.5851030556873,448.801479042728
542.7813134328098,453.03139602918674
541.8926709582353,449.4088708089213
538.5587349727218,444.02532471085647
538.2918956216439,441.2004477650235
538.7884804905302,439.0124978752945
540.8310364071631,438.0842271284757
543.65158807226,437.7750001844666
547.2555291502879,438.07805904249346
553.2131736957551,440.23196663744244
559.9720569970195,442.9755020117103
566.7513528780552,445.68363668738635
0.0,0.0
0.0,0.0
1155.6536841825794,892.2245021491121
1160.5911449540665,890.728462694557
1167.1196058235075,890.4245199355083
1171.2655224079076,888.2775895059668
1172.2146749685592,883.7062610326776
1171.5467706750683,877.9374488657029
1171.6573820845374,872.7771645768514
1170.9443685048368,867.0284227560298
1171.0133993790396,861.8837615796841
1173.483776424152,858.5172254936476
1177.5620053021496,856.3198722841717
1181.637278269613,854.1061658854719
1185.344483343229,852.3839837818243
1189.4281141827337,850.1204392271165
1192.6933049395561,847.2612822219359
1194.3180805223747,843.2368128452116
1197.5667039871637,840.3588456732762
1201.6288829474347,838.0411849464798
1206.5095221368401,836.2767323040464
1212.2134851960425,835.0583610196742
1222.8713413018008,837.2034893756322
1240.9926213330043,844.3567455744275
1279.0468381518544,864.8555866812352
1286.5190418978195,864.5049189185196
1290.060371415005,861.0140754392924
708.3485467015106,469.8322428121104
701.3455642151646,462.2925475883344
705.1798464637326,461.92032228663265
703.9892597466763,458.2566116940668
701.943820771818,454.06042822543094
701.5625181514678,450.96123239694504
702.0119693158854,448.40628333826066
704.9854204783152,447.4601176786744
708.805042512875,447.0340162765261
711.7806527150356,446.058631146801
715.6053719754074,445.5984196560159
719.2425424402754,445.4280695511326
720.5258162617127,443.34923942687954
723.5094719118463,442.30989594835114
723.0743279477831,439.1805053310788
721.7709646152317,435.5406693276736
724.7410392321759,434.4829410375806
725.9926836331349,432.3882784155451
726.3776370002003,429.7807911784858
730.202007789036,429.2016167500544
732.3019420321561,427.5954462993409
734.3986818493519,425.98072268347363
737.3586567477241,424.8566950386824
734.349614761205,420.05552406803304
739.0440421360477,419.89749199442923
736.7765594325876,415.7839600930736
735.363766488516,412.1760921448783
743.5473257416149,413.9303979928181
749.1217865488086,414.18902558846406
751.1978069675857,412.4934603203906
753.2702892782155,410.78932713827106
756.2185250825289,409.55285656677404
759.1659163619445,408.3027203366752
763.8765576843795,407.98113267682226
767.7082634174424,407.16706924869925
771.3546103875532,406.68915037638516
772.525799677664,404.4599965786302
772.8032871052994,401.7661999711328
773.9602542402004,399.53288332306823
776.0006763848178,397.7523730291314
780.7109294584802,397.32410526429925
786.3176789855296,397.3229262386071
1235.269183545878,619.7048040655325
1233.4730952380498,614.3517911782019
1228.070813400189,607.2413665706562
1222.6378113771862,600.1672951692756
1218.0732011726561,593.5677523122342
1215.327773969589,587.7741078153438
1216.118538918458,583.8293409026606
1217.7994055002132,580.3150936890469
1220.3740977157674,577.223580274079
1222.9410827062768,574.1220325237481
1227.31319428072,571.8551592356723
1231.6823890322441,569.5678120714192
1235.1397258897616,566.8428861059866
1239.5016408198103,564.5172117880891
1242.037894876133,561.3473681168053
1244.566170228721,558.1675805008872
1247.0864305867003,554.9778686096621
1248.4387731251077,551.9290078967368
0.0,0.0
0.0,0.0
0.0,0.0
143.40947871116606,61.398057101113636
146.35041251481118,62.14947108982186
148.37538321520296,62.495965115691035
149.48091147699225,62.445633186057215
145.96816887938326,60.47556261829942
147.9949927123221,60.8069250339115
149.09892332926128,60.749576640953336
148.349416730686,59.93705494654591
144.78304188889865,58.08503061372546
143.09183613842347,56.92737856721112
0.0,0.0
1302.870796889744,509.6358372523302
1304.3370515049119,505.871382933916
1308.59255603162,503.1794136276157
1315.6465909708959,501.5356893249574
1323.6374310318356,500.2089075290864
1327.885725911806,497.4369295897477
1329.3166491667887,493.6002899593767
1331.6749474509188,490.104921758181
1334.9635893357495,486.94272265617917
1337.427300251349,483.08613780814267
1339.72780661066,479.64403904790663
1342.961960075776,476.5272015209938
1346.189179268264,473.39591635441593
1349.4094083624734,470.2501978977147
1353.5678204835328,467.4164688492039
1356.7748200988563,464.23925679084516
1360.9217123089968,461.36871693467526
1364.115229260026,458.16006078756703
1367.3014622634648,454.9370410201734
1370.4803556448335,451.6996732250431
1372.7012296394983,448.13762857654507
1376.8794587913371,444.98534353220487
1381.9684114125778,442.22653680867654
1387.0528806693924,439.4420396670539
1390.2244223356258,436.03331930206406
1394.342857142181,432.9064526391116
1398.4548020345019,429.75942882808505
1402.560174918224,426.59225934533885
1405.7013314964277,423.1167293184826
1408.8340952633116,419.62661024249445
1413.8768298909752,416.6873046991555
1418.9143049352306,413.72236493833776
1422.9855868310617,410.45464995667817
1429.0765112762442,407.35282608387337
1435.1106232314635,404.39893556759085
3201.1415677737587,891.6398729705636
3211.5280746935928,884.1088312277311
3218.038480716118,875.4732072601065
3219.697391334523,865.508352492145
3220.358981304913,855.2847663373781
3220.0209450884486,844.8112885086791
3219.6490545543847,834.3476286938538
3219.2433658471814,823.8938957468436
3220.7429739750355,813.9402285121706
3222.2118341848495,803.9850095860655
3219.312508444076,794.9106698085722
3216.73691542749,784.42629795669
3217.0442879867505,774.6657660771003
3217.322129581387,764.9100041873496
3215.6233777655493,754.7021216133417
3214.86673451554,744.7361138721477
3215.054222130818,735.0036386024246
3215.2123252695364,725.2762945490914
3215.341075140873,715.5541702149011
3214.463759446213,705.6229440763095
3212.5785646748573,695.4911687373426
3212.6176238553226,685.7937028685668
3213.7776343314454,675.4919074800077
3213.745889885122,665.8538542702055
3212.7055271510494,656.0214903591955
3212.615572630814,646.3978515511855
3213.477770968658,636.9745799404419
3213.330879703179,627.3600700921244
3212.1732693730364,617.562861193367
3210.9859131781773,607.7774801449186
3209.7688695202055,598.0040169254574
3207.5385912482557,588.0622294053207
3207.2459547768567,578.4932026977413
3206.924827216663,568.9307098244702
3207.32036308621,560.9207506703096
3206.9556884979197,551.3177051490676
3207.5483419688294,541.8880271172391
3207.1267810456948,532.2957921113784
3205.689611360045,522.5496298135545
3205.210355912812,512.9742433585407
3203.7146608171975,503.25080433611646
3203.177891476125,493.69261242048754
3202.6126514505836,484.14171971506784
3201.029785045655,474.45159421227424
3198.4280724085274,464.6308918152915
3187.8761778473154,453.7019668390166
3177.400253634857,442.0312525163193
3168.748070268171,431.5549410813683
3162.044474575292,421.396180343232
3156.3003415670673,411.40874300823236
3153.500916733348,401.83699202778155
3152.6572547049773,392.5318259148874
3151.7861715829235,383.2348217720528
3141.950427318244,372.8853875853865
2848.972164917021,329.82056262158943
2851.8949967986,321.8616585353293
2855.789605353171,313.9979776316736
2857.673905044765,305.90170386286525
2858.620819965653,296.92256172089213
2859.448004575348,288.84789964626543
856.8814544244321,84.11404795555774
857.1155966233573,81.69365963761375
850.3726345948189,78.62812685207834
842.6232406356997,75.51208075925106
835.8593488269014,72.52688452338435
832.0748623824858,69.83139259077709
829.2785784541217,67.23867426646177
825.4773570397638,64.58430935332728
822.6649585574872,62.02713891199314
819.8447240975811,59.486371290920445
817.0347586552325,56.7027613894245
814.2008460801266,54.15701471098607
811.3590747119844,51.628014512593886
809.507677267462,49.176421637189186
807.6489067882366,46.73588946159383
806.7813032489915,44.36134271929397
802.910794575643,41.836060449207295
801.0300495130848,39.431710298500164
800.1410607633885,37.08480659838209
798.2461503594131,34.699905423172225
797.3433345830509,32.36675448637035
797.4329991671901,30.076765770607707
795.5247468905584,27.502310534080028
794.6013504551767,25.173276600582927
793.6711449951289,22.849805297225064
791.734490177318,20.506025057586378
791.790404767909,18.219630003673238
789.8401214067032,15.892847958888215
788.8828707729712,13.594712243945091
787.9189421646237,11.302237751007498
787.9482946797557,9.026899316198781
787.9710765263569,6.751485606447037
787.9872875144505,4.4760155963333945
788.9969236097533,2.20330078408291
790.9999518095246,0.27611108205831775
794.997406071423,-2.030847042236848
799.9880835975215,-4.366474775489787
800.9719979010912,-6.697654689093461
814.9482858867162,-9.181031004359669
0.0,-0.0
1173.8289112473212,-20.042133617169405
1168.7667665165893,-23.35049220801315
1166.6945628908952,-26.698256887345057
1159.6144506015685,-29.90528307879251
1155.5243754400512,-33.15746920196989
1150.425723433281,-36.354571418353515
1143.310056927575,-39.72547958508209
1139.1940840786071,-42.85835741490324
1136.0687603505683,-46.00838788224529
1131.9357034260702,-49.0974878107583
1128.793238441013,-52.20943257544967
1125.6422597811197,-55.303734004624296
1122.4828428635312,-58.38036893515696
1120.3135601021472,-61.494122087015235
1118.1356670699622,-64.5958979038978
1115.9492146673547,-67.68567265909533
1113.7542538598334,-70.76342281946293
1111.5508356773437,-73.8291250456002
1109.3718459121942,-76.40750943049292
1107.1517087759983,-79.4675641654325
1104.923166103044,-82.51543497325227
1103.683273604312,-85.62845068124037
1102.434624277121,-88.73499419599281
1102.1737856533157,-91.9181495605666
1099.911163360244,-94.92856638291
38.84571154678578,-3.465644878505877
36.84397551538732,-3.3943288322641245
34.84299190628668,-3.311482299279451
34.83328398697976,-3.4120853861560696
33.8283345773642,-3.4122983049413027
32.822816795717266,-3.415069193263941
35.79586238667161,-3.8283463785907323
0.0,-0.0
0.0,-0.0
0.0,-0.0
0.0,-0.0
0.0,-0.0
0.0,-0.0
0.0,-0.0
80.32155166700713,-10.461755961802165
81.28242486509626,-10.82438950010488
79.26927179095058,-10.788074421897837
76.26922866934977,-10.583230044860294
0.0,-0.0
0.0,-0.0
0.0,-0.0
0.0,-0.0
0.0,-0.0
0.0,-0.0
0.0,-0.0
0.0,-0.0
0.0,-0.0
0.0,-0.0
79.8395978176596,-13.66157459132601
76.84086683826908,-13.39705876464677
79.75600152154357,-14.14143632363912
77.74678735830415,-14.015600431756004
0.0,-0.0
0.0,-0.0
79.58829390195037,-15.056675389234204
80.5267587363006,-15.473885337097347
82.44496320500768,-16.088133581150146
83.37935399292334,-16.519180600828182
83.33156944625195,-16.75856597756771
82.30329646787544,-16.7978388645981
82.25471609222832,-17.034132809947057
82.20079596333966,-17.292459136670026
84.10762097722164,-17.9417973891142
0.0,-0.0
0.0,-0.0
82.97639407804434,-18.436865943133846
82.92399271501202,-18.671139017227446
81.89597779712815,-18.682848301377753
80.86856595407079,-18.688901533586794
82.76282169488204,-19.37305719552708
84.65384248403407,-20.06805801985702
83.6244501985667,-20.073647625367872
82.5957093325124,-20.073584629037345
85.44514136357773,-21.050601353838257
85.38433471014604,-21.295900687826077
79.50535858107332,-20.072318174414956
78.4785153505785,-20.052995496160005
80.35691357692802,-20.77899036022009
79.32947530821635,-20.75654950426716
80.23624003624167,-21.240192674422918
81.1408731599508,-21.72921312060735
81.07813538112782,-21.962148417664157
81.01472890439084,-22.194902580278672
0.0,-0.0
0.0,-0.0
0.0,-0.0
77.86113453789218,-22.33033202781034
78.75387559927596,-22.843534711024173
79.64422128903824,-23.362320416917242
79.57343004185414,-23.60231411057283
79.5019156181506,-23.84209330248629
78.47269458752686,-23.791515382016605
76.48840467228084,-23.441927196572543
76.41738777840858,-23.672406829985228
76.345676390652,-23.90267132464156
77.22668705024527,-24.43437757020792
76.20017274669154,-24.362546528931862
76.13613068815853,-24.56195439771934
76.06527832278462,-24.780505113441723
75.99379860340579,-24.998851450116668
76.87071327105076,-25.532204002003073
75.84895946593971,-25.43492378471449
74.82840622689365,-25.331988108772354
74.75534782836094,-25.546780052694917
74.68167287957186,-25.76136129766088
74.60738198816603,-25.975730073895495
73.589026706523,-25.858367086624877
72.57196863514211,-25.735371930864915
71.55623171673231,-25.60675111179299
69.59450031147547,-25.151650570013103
67.64300892963148,-24.66623892987735
67.57189209792256,-24.860398192843014
66.56271493478877,-24.706375300922772
65.55498747108845,-24.54676389395222
65.48422236503434,-24.73492715264665
64.47844692768757,-24.56684517379833
63.474184697897094,-24.39319325011071
61.53904952289385,-23.85257604156873
60.53892648548687,-23.66513004369121
59.54039531329503,-23.47213935576719
57.614218015285545,-22.904189190782255
56.625766364129774,-22.68309025849407
54.70595125694049,-22.096581117296207
53.716127335640316,-21.876417989727546
52.72802679772482,-21.650754952620293
51.741673060479215,-21.419600110704202
50.75708950878824,-21.18296165782441
50.696045781758656,-21.328641356022427
50.634583935344565,-21.474145144674477
49.65320075870331,-21.22639051784134
48.673665809435185,-20.973179460239695
48.613233138264604,-21.112876730676277
48.552399525860736,-21.25239987110158
48.48539365608981,-21.404826605558046
48.42338029640027,-21.5447497240092
47.448492133558894,-21.275351800889215
47.38685698452431,-21.41228117525641
47.324826678431755,-21.54903199348858
47.26240173254939,-21.685603115226282
47.19958266743632,-21.821993401608513
48.042838660917695,-22.380474825191534
47.97800974507071,-22.51911589965068
48.816795473558955,-23.08507049356172
48.749928653902636,-23.22594360277754
49.58418596448939,-23.79933827313132
0.0,-0.0
29.67419099975788,-14.437534017618393
27.8366905890967,-13.642531181818688
28.69408661826026,-14.16507653151854
28.653288229885067,-14.247423402676356
27.718120598853773,-13.88185111818299
28.57098283123418,-14.411763946766603
28.52947649977834,-14.493756264288265
27.59749315468908,-14.120140635875037
26.667898391471006,-13.741295258532878
26.628325397457324,-13.817824956451332
26.588532784361835,-13.894240690837188
26.544751602639526,-13.977702327427288
26.504277198394195,-14.054297925925779
26.46358177606773,-14.130776326209961
26.422665675017598,-14.20713689052959
26.381529236441494,-14.283378982117036
26.340172803374468,-14.35950196519266
26.29859672068615,-14.43550520496999
26.25680133507778,-14.511388067661128
26.21478699507935,-14.587149920482025
26.172554051046742,-14.662790131657648
26.130102855158725,-14.738308070427413
26.957014886794564,-15.307493210618658
26.911478049595416,-15.387408787256682
26.865704298895395,-15.467188901811264
26.819694037660838,-15.546832851943183
25.90978806865178,-15.122264454688985
25.864805425026162,-15.19907366669223
25.81959508221616,-15.275749074608388
25.774157438228173,-15.352290003430344
25.728492893069628,-15.428695779334866
25.682601848745488,-15.504965729688502
25.636484709254646,-15.581099183053576
25.59014188058645,-15.657095469194001
0.0,-0.0
1243.2584371298965,-771.1533300876856
1237.645535126956,-772.6024394087236
1232.8813508779388,-774.5576638684745
1228.961392824904,-777.0263154783576
1224.193748074766,-778.9420178515577
1221.1095459358814,-781.9152619205393
1217.177777525611,-784.335551851256
1214.9202593805364,-787.8278767260844
1215.165123137287,-792.9531660260535
1217.0623370562873,-799.1841262932392
1236.4543581413911,-817.0095594502922
1255.753853975751,-834.9528479052266
1261.4344243584303,-844.4567443294627
1263.9668554984764,-851.4480537304044
1264.8138707302903,-857.3388317393891
1263.9851085384223,-862.1146358768724
1264.7883043202853,-868.0245072891761
1265.567880782062,-873.94618777863
1266.3237764735113,-879.8795901359829
1266.2363597919211,-885.2516484824553
1267.7642812801348,-891.7812103370776
1271.713759429877,-900.0600613718669
1274.8113649587754,-907.789063478925
1274.623299230907,-913.2138002996442
1273.199566119335,-916.9099545939814
1271.3708727227222,-921.1493385940543
1267.9121195500932,-924.2076915379953
1271.7039561375677,-932.5760279698696
1287.5287130875,-949.8788412083125
0.0,-0.0
0.0,-0.0
0.0,-0.0
27.924144631969305,-21.100761753378947
28.659529161698394,-21.786036542468196
28.59684461607197,-21.868252742371432
26.94870620386398,-20.730828105452584
26.092755933546837,-20.20317024113682
26.034305989702794,-20.278434644580564
25.188498372701357,-19.73675631223178
23.560686631095773,-18.5713232019505
23.506959566183966,-18.639282495680785
23.453036477699907,-18.707086357198374
24.95884566965975,-20.026383169162294
25.67906443332516,-20.726448075566033
26.3954416523343,-21.430834327627462
27.10795839001862,-22.139525557812185
27.816595772258886,-22.85250532529747
28.521334987750368,-23.569757116197163
29.23294617789862,-24.278279546954774
29.930155233778986,-25.003715877482943
30.623411944624188,-25.733376009957357
31.312697745560857,-26.467243148751784
31.23613713257894,-26.557555178041582
31.159316042729866,-26.647645744967363
31.84033841214891,-27.389648588469232
31.76111194817573,-27.4814804516687
30.92729632888735,-26.916581168216567
30.849439759289666,-27.005778391632372
29.270285647845277,-25.773055272775533
27.69852083046664,-24.531448057630136
26.878974562274088,-23.948292767556985
26.80970646547139,-24.025811937065967
25.997431059080252,-23.43359934641645
25.188805703100705,-22.836901437179286
24.3838495125643,-22.235734369447247
23.582581539556944,-21.63011437626135
22.785020772957164,-21.02005776338187
21.991186138175134,-20.405580909058532
21.932168789888713,-20.469000272896366
21.872968550145757,-20.532248946579976
21.81358591261467,-20.595326402681234
21.754021372484804,-20.658232115199848
21.68901437728706,-20.72647233230574
21.63039100650905,-20.787645006241867
21.571595102223714,-20.848651868783215
21.512627133413005,-20.909492433312256
21.4534875704314,-20.97016621453787
21.394176885002018,-21.03067272849933
21.33469555021298,-21.09101149257006
21.275044040513553,-21.151182025461573
21.215222831710392,-21.211183847227247
21.155232400963765,-21.27101647926617
21.095073226783715,-21.330679444326965
21.034745789026275,-21.390172266511588
21.670226953548006,-22.16757234750169
21.604359152625015,-22.23177153544871
21.53830115908787,-22.295775007396223
21.472053554473963,-22.359582199893676
21.40561692198989,-22.423192551218484
21.33899184650637,-22.486605501380918
21.27217891455305,-22.549820492129083
20.521140691271004,-21.883390613181067
20.456121131244547,-21.944181649445266
20.390921487044995,-22.004779501489367
20.325542332653306,-22.06518363584401
20.25998424363073,-22.12539352074522
20.86338791880298,-22.928563944336894
20.797454348624044,-22.988386037669084
20.73134924990322,-23.048018532588372
20.665073167847236,-23.107460937271327
20.59862664907294,-23.166712761462342
20.532010241602926,-23.225773516477606
20.46522449486091,-23.284642715209202
20.398269959667317,-23.343319872129026
20.331147188234592,-23.40180450329292
20.26385673416276,-23.460096126344546
20.196399152434825,-23.518194260519447
19.479459676850485,-22.815579122563513
19.419661943598694,-22.866497982777002
19.99904299059382,-23.68624663091179
19.93093702921713,-23.743583325550958
19.86266668596422,-23.80072419323175
19.794232523899765,-23.857668762680664
19.725635107439594,-23.914416564243137
19.65687500234594,-23.970967129887505
19.587952775722883,-24.027319993208778
19.518868996011577,-24.083474689432546
19.44962423298558,-24.139430755418818
19.380219057746213,-24.1951877296658
19.31065404271778,-24.250745152313723
19.23437291104432,-24.311291588866364
19.164475063889277,-24.366429683594724
19.094419156309684,-24.421366814393373
19.024205766096856,-24.476102528164226
18.953835472340884,-24.530636373470468
18.883308855425987,-24.58496790054017
18.812626497025647,-24.63909666127004
18.741788980097837,-24.693022209229134
18.670796888880226,-24.746744099662497
18.599650808885308,-24.80026188949488
18.528351326895642,-24.85357513733436
18.456899030959,-24.906683403475956
18.391630310013213,-24.954918043139376
18.319887535652487,-25.007633248291302
18.247993666665273,-25.060142201139723
18.1759492960016,-25.112444468613145
18.10375501785274,-25.164539619344755
18.03141142764632,-25.216427223675957
17.958919122041447,-25.26810685365989
17.886278698923785,-25.319578083064997
17.81349075740059,-25.37084048737849
17.740555897795776,-25.421893643809923
17.667474721644986,-25.472737131294615
17.594247831690655,-25.523370530497118
17.513977106173076,-25.578518446627147
17.440447060504727,-25.62871058656155
17.36677317346021,-25.678691351811192
17.29295605267038,-25.728460330155997
17.2189963069474,-25.778017111122644
17.14489454627972,-25.82736128598793
17.621317555434416,-26.711218010613795
17.544534117074072,-26.76171374585013
17.467605978871887,-26.8119887618744
16.8470795948203,-26.022603811413443
16.77227695007432,-26.070878886412814
16.697335974734585,-26.11893893991167
16.61519864503396,-26.17126618996608
17.074805694298377,-27.063832147387327
16.99830239756671,-27.111947838561466
17.45046549974342,-28.008592500200088
17.371292459412164,-28.057765383037367
17.291980858015883,-28.10671446480382
17.73412318660842,-29.008634487031575
17.65212464009866,-29.058604503492965
17.569985292482947,-29.108342735750742
18.002050087144937,-30.015432574925935
17.917207016233473,-30.066155270294107
17.832221029802486,-30.116638144790826
18.244305234389664,-31.0345827507705
18.155596387221706,-31.0865617240682
18.568593324063716,-32.003239554231634
18.477116680736092,-32.05614074037085
18.882394442151725,-32.97658533158031
19.282561302557582,-33.899599254461826
19.677605911943875,-34.82516081189334
19.578065368369828,-34.881217817499405
19.965324260854132,-35.81041506543801
19.862968668122356,-35.86728977340203
20.24241328022458,-36.800063921039424
20.61668799100397,-37.7352908599045
20.52442182704499,-37.7855542326101
20.890609088123377,-38.724442564447806
20.779311916846584,-38.78427769422034
21.13756707953759,-39.72660642388232
21.023390819562618,-39.78714664873482
21.37368652689841,-40.732855586735894
21.718719914224817,-41.680897366628926
22.058480492449128,-42.63124955199227
21.935958718018334,-42.69442252942878
22.267698859003975,-43.648019285240345
23.04602176494847,-45.49594356433902
23.81390692664252,-47.34868358137539
25.00456990883733,-50.10759906116104
26.191542137212647,-52.86778906361239
27.362770446148975,-55.63522978753082
0.0,-0.0
0.0,-0.0
0.0,-0.0
0.0,-0.0
0.0,-0.0
0.0,-0.0
0.0,-0.0
140.44327626056818,-303.03743358403386
139.14973557575868,-302.5332231163983
139.08182953282392,-304.76424444774113
139.85133833179034,-308.8083599367205
140.18872803914698,-311.94730409280044
140.10187202290876,-314.1774426270551
139.59866438969192,-315.4951868105347
139.4910024884238,-317.72828049258464
139.37160088027616,-319.96336800963485
139.63714362706173,-323.1183500200435
139.49157324608714,-325.35841927531476
138.9428350568492,-326.68010130151055
138.7763527958651,-328.9226716185395
138.59807084846656,-331.1669892321447
138.9398999316476,-334.2748931747399
138.7363149165323,-336.52375090531245
138.14242161643548,-337.8485923456645
137.91782842528264,-340.09950397266726
137.68138091399058,-342.35192032412584
137.43306856388986,-344.60579168829
136.8051253313606,-345.93114587020165
136.53573939240067,-348.18671983372724
136.61684011977218,-351.3756380224568
136.6806529254527,-354.5679048022705
136.72715921350374,-357.76344689390106
136.40204962912068,-360.02705572911447
135.97302298082408,-362.3262853029797
135.97789716375925,-365.52703249270377
135.96549999735817,-368.73077280106196
135.59254213826583,-370.9981974571879
135.2076765681357,-373.2665055922463
134.8108951810379,-375.5356474963292
134.06702250214352,-376.8634148831772
133.64909303871474,-379.13311637197955
133.54897786992765,-382.3475781404893
132.7774179299384,-383.67454605154416
132.97230309766758,-387.83806750872463
133.1443585892795,-392.0058415073037
0.0,-0.0
0.0,-0.0
0.0,-0.0
0.0,-0.0
12.64123354143569,-39.00255394907981
12.528552278856969,-39.03889570410448
12.112942967018878,-38.121865283295726
11.702736914379889,-37.202768024876995
11.595256847272948,-37.23640716618307
11.78223598748149,-38.22537004576014
12.25539272787049,-40.172196219346276
12.717399065556753,-42.12205789141096
0.0,-0.0
0.0,-0.0
18.23343708149118,-62.39023779563035
18.887456239949767,-65.32429867043336
19.52476650689625,-68.26260684189538
19.056411168392106,-67.35616670640619
18.862895372093075,-67.41061621274108
18.93592720270852,-68.42828845567982
19.003267190512634,-69.4469281976243
18.54258409121365,-68.53592178719326
0.0,-0.0
13.291953821038717,-50.27249708955558
12.376224735178306,-47.41127567682988
12.479824946336151,-48.41749652046051
12.577345515942913,-49.424795192014614
11.937889617412019,-47.52353934086229
11.55090597066214,-46.589446994538605
10.69447807606054,-43.71073253424907
10.559880476017385,-43.74344435835188
10.888524281443582,-45.72133024062635
10.747736898546279,-45.75462983742331
11.058202902950075,-47.73589999735196
0.0,-0.0
7.688657833768272,-34.145051482099625
6.931520206037024,-31.240262925162785
6.84177408529621,-31.260040424890196
6.962970647034112,-32.25704635840891
7.078495381627586,-33.254998167678146
6.9829626252910595,-33.27518945060701
6.887372276454158,-33.29510629395153
6.591968502225779,-32.3349029883447
6.696021955301638,-33.33411600708977
6.794388960019639,-34.33418527735824
6.121835981986545,-31.408965666026873
5.654633165842323,-29.46226610021293
5.569998461567318,-29.478383896308458
5.477362052796669,-29.495737063897607
5.392631955761958,-29.51134562485579
5.307857382596625,-29.526710788809755
5.223039032485227,-29.541832429034184
5.138177604973388,-29.556710420812223
5.0532737999619775,-29.571344641436543
4.968328317701404,-29.58573497021033
0.0,-0.0
0.0,-0.0
0.0,-0.0
4.782415087521384,-30.62888352406349
4.6944336228355885,-30.642491624552836
4.614195771433523,-30.654676598895723
4.380136380436979,-29.67851757229078
4.294885888826856,-29.690974305366872
4.490239973149794,-31.683398570600467
4.536707276026308,-32.68666833881437
4.442817162913311,-32.69956231598403
4.348890407337381,-32.712186601096676
4.25492778396642,-32.72454109003258
4.160930067764066,-32.736625680897184
4.066898033983461,-32.74844027402193
3.972832458160707,-32.759984771965094
3.8787341161086393,-32.77125907951257
3.7757611979180226,-32.78328274252438
3.6815967601292297,-32.79399099371417
3.5874019580990373,-32.80442877403945
3.4931775687060815,-32.814595997413846
3.398924369072933,-32.82449257998244
3.3046431365598528,-32.83411844012243
3.210334648758229,-32.843473498443835
3.115999683484329,-32.8525576777901
2.9300742000220623,-31.865571784958842
2.749844133908205,-30.87779715652026
2.6611562070023025,-30.885566979447425
2.5724463320138975,-30.893082071378185
2.4915597090372295,-30.89971084357105
2.3252999170524737,-29.90974724560132
2.239393840824688,-29.91630183070221
2.2252516048650697,-30.920030001522402
2.2053621208955216,-31.923915454024733
2.1797243925234326,-32.92793345432778
2.148337518024248,-33.93205926419216
2.0508806706337244,-33.93808905160721
1.9534069084533041,-33.94383893212444
1.8559170354050156,-33.9493088583213
1.810129851295096,-34.95316051405724
1.7585917126420842,-35.95702094429162
1.7370442910588006,-37.960277621889176
1.6280206766805334,-37.9651096228669
1.5189836350813752,-37.96962850379702
1.4099340655524526,-37.97383422740973
1.3351063640009448,-38.97714062109744
1.223164123020186,-38.98081412089999
1.139704404002958,-39.98376012672515
1.0248721025478975,-39.98686830915143
0.9555329158036631,-41.98912903177221
0.8548218203204229,-42.991502412168664
0.73135289092141,-42.99378004954834
0.6078779296354132,-42.9957030925494
0.49531348757734417,-42.99714716756245
0.37698650594373617,-43.99838498370521
0.2471373226174201,-43.99930593934147
0.11728598684013392,-43.99984368150972
-0.012280771115264658,-42.99999824630997
-0.1391818315008428,-42.99977474845397
-0.25989373363846263,-41.99919588810261
-0.37470110759697656,-40.99828775790479
-0.4956931641223026,-40.99700340618863
-0.6166809033909892,-40.99536198966162
-0.719671484542561,-39.99352538792168
-0.8376967953342924,-39.99122733899382
-0.9633286008228255,-39.988398292590276
-1.0787999844169602,-39.98544973604301
-1.164405812643707,-38.98261354890769
-1.2769719305485012,-38.97908853075699
-1.389527399836728,-38.975238467584816
-1.5020712819129252,-38.97106339149668
-1.6146026382782734,-38.96656333730837
-1.7271205305384045,-38.96173834254566
-1.8396240204112277,-38.956588447443984
-1.9020580115364254,-37.95236718994943
-2.0116459881550424,-37.94671633248837
-2.1212171897402228,-37.94074903891528
-2.213917503923585,-37.93545267010558
-2.3228535316903467,-37.928938180106144
-2.495764359486493,-38.9200611543959
-2.607526878763421,-38.912733180496666
-2.719267892269712,-38.9050842709545
-2.8309864784130654,-38.89711448885434
-3.0181350931140867,-39.88597323069494
-3.1326694186404542,-39.87714110005273
-3.0036395642009213,-36.87788157376135
-2.9414521626947225,-34.876178964654066
-120.88185030911175,-1385.7375574999205
-124.77122706899269,-1384.3887246347024
-129.11978964107868,-1383.9899132302387
-133.30736375249,-1385.602088180211
-137.40668318429448,-1386.2064793587897
-141.5106040662699,-1386.798741323628
-145.72347695171263,-1388.3733893535643
-149.9466224406368,-1389.9352540383472
-0.0,-0.0
-135.59792530281368,-1192.314221442306
-138.92456558723646,-1190.9244161895404
-142.2443108394263,-1189.5253490505431
-145.6787369493164,-1189.109627242523
-149.11194825019106,-1188.6839894980635
-152.7179832130232,-1187.21784757615
-155.8660085268581,-1184.7914531198753
-159.2679162160198,-1184.3389425600287
-162.8046346076979,-1184.8673558463217
-166.0677628259591,-1183.4046214841233
-169.32383340871348,-1181.9329251018344
-172.86213082260355,-1182.431259620393
-177.73214585476623,-1191.8205755607091
-181.45482078849705,-1193.2825097237512
-209.54202071907847,-1351.8565536154217
-218.57186772969888,-1383.8451281256696
-222.86286507188512,-1385.1863208146226
-226.89188242447386,-1388.5852777881087
-231.39311121501947,-1390.8836141396712
-235.40863242699058,-1390.209615769814
-239.42219057602543,-1389.5240244989568
-243.6064002444274,-1389.8118296229716
-247.61877551700422,-1389.102567131549
-251.6290859067627,-1388.381720970759
-255.45612341627265,-1386.6658461969596
-259.45936455433645,-1385.9223781096327
-263.4604420713953,-1385.1673528724048
-267.45932260262583,-1384.4007767814003
-271.45597280152924,-1383.6226562290658
-275.80140484308805,-1382.763025643432
-279.57294438632704,-1380.9851442963316
-281.5254485223634,-1370.3811228392933
-281.58295801269253,-1350.9667049031304
-281.9450229871572,-1333.5201550830686
-284.515547538691,-1326.8383108761816
-287.8999182969161,-1324.0614173989925
-292.77763314652185,-1328.1119145347354
-299.86179151260416,-1341.9045815522247
-309.45727320478187,-1366.3956952730277
-318.30111798024984,-1386.9439059646656
-323.8682777486985,-1392.8421801008512
-327.9572448255491,-1394.9670410323088
-332.21582594872575,-1394.986969469323
-336.00829721085546,-1393.049684758394
-340.02963724296035,-1392.073577723685
-344.0481417818583,-1391.0858622444734
-348.30666899731864,-1391.0565999742757
-352.56789418803186,-1391.0143349325401
-356.58328764961243,-1389.9904168622868
-360.34442137040196,-1387.9869948912456
-364.60512051311093,-1387.9078161375198
-369.12523726243813,-1388.7820416523064
-373.13411544483364,-1387.7103198763066
-378.0172763265086,-1388.460996498889
-383.195367074402,-1389.1156577667368
-388.11292310866935,-1388.7880899964703
-392.7602058908296,-1387.4809622724895
-397.1274949587903,-1385.1970086409212
-401.48389655013307,-1382.8993747959112
-405.54734625295185,-1379.6287000302611
-410.16386704394586,-1378.263255757606
-414.77579065747784,-1376.882363705943
-419.96635200242827,-1377.399093649249
-425.45985952724914,-1378.852025393245
-431.2658339361961,-1381.2381331542065
-436.0825822179428,-1383.919427382292
-440.05520122197555,-1382.6613540117069
-445.55425352201075,-1386.1520144516776
-284.35447717703624,-876.0042986820181
-284.37725765845227,-867.5820280104114
-286.55345225600496,-865.8124040461453
-287.13718833727137,-859.2951967012071
-287.6858705105818,-852.7818243305662
-287.23241324953227,-843.4325940932387
-287.7029174690039,-836.9301232957406
-289.12186613450655,-833.2661918756218
-290.52215119492325,-829.6010364416586
-292.1265483762585,-825.8559679107329
-293.824715358267,-823.1300241423789
-295.84852738707264,-821.3419804459653
-297.8644955438835,-819.5491091413545
-299.8726088141217,-817.7514405264063
-302.9137971762805,-818.7626221807192
-305.61358867440794,-818.8261930455998
-307.6115178893138,-817.00927415901
-310.3116299853066,-817.0573372143856
-312.6568213452247,-816.1627975265108
-315.3598452966681,-816.1943199841944
-317.7025373776082,-815.2852861077706
-320.62827364298323,-815.2137818638251
-323.2980084030913,-815.2345660989815
-325.97041509483046,-815.2467653924816
-328.64546650009913,-815.2503648260038
-330.9466317749793,-814.318934396589
-332.4869202836569,-811.530312336076
-334.3958334527804,-809.6637737786101
-335.91251929507297,-806.8697412723055
-337.80304149370335,-804.9957174778033
-340.0752084937053,-804.0384646072368
-342.7368102845363,-803.9947007760572
-345.40087433623376,-803.942308880286
-347.9248249495886,-802.8532345228473
-350.2290690631165,-801.8507337299023
-352.93331655038315,-801.7568671790389
-355.234391400821,-800.7399872406075
-357.9406785942338,-800.629421522529
-360.2384949338002,-799.5981658106966
-362.5333401797546,-798.5603153538939
-365.657179887301,-799.3346150373234
-368.7884501078999,-800.0975434701777
-371.50590274290124,-799.942100546772
-374.2255006945683,-799.7776407414124
-376.5208036872477,-798.6996208780301
-379.457380797779,-798.415991922813
-383.0569729064382,-800.0227218696705
-385.36561942640265,-798.9132239261689
-388.1081110819136,-798.696496870012
-391.2922151199839,-799.3687524456384
-394.0411848196856,-799.1323699274723
-397.2368827221819,-799.782382279807
-400.4396132097359,-800.4205870493569
-403.6493346939931,-801.0469490617244
-406.8660054421568,-801.6614332843653
-409.6344342061207,-801.3735897274325
-412.4045895888844,-801.0764348587617
-415.28053520084745,-801.8423018794267
-418.04403639415153,-801.5330209263279
-420.3441998876479,-800.3291532993242
-423.108419676953,-800.0026657446033
-426.81434688649273,-801.432163874059
-429.11418456616576,-800.2031095941296
-431.88560477230345,-799.8473756851752
-435.6138104215751,-801.2394200050295
-438.8733939356239,-801.7394490078599
-442.1394343089178,-802.2273497139014
-445.89708685801224,-803.5774934202291
-450.1538361143285,-805.7856562582598
-453.6639558697352,-806.1104236670203
-457.2637856869486,-807.5232691998667
-458.8940694477745,-805.4472254751773
-461.51122904390104,-805.1033383773713
-465.12896006036044,-806.4837571291612
-467.25150997197795,-805.2558763703041
-469.87497615814215,-804.886020987062
-471.9933013984273,-803.6456454402111
-474.10835231868083,-802.3996948289958
-476.2201142463357,-801.1481777968461
-478.8418006137563,-800.749355282273
-482.4956598119168,-802.0560692761218
-485.4891683205981,-802.5859875697894
-488.3121118512396,-802.0425683337403
-492.1809040293176,-803.1948441747392
-495.01046588032904,-802.6292037229517
-497.3134600598121,-801.2042950729468
-500.14216422442195,-800.6208937848871
-502.9716147599064,-800.0278462314998
-505.801779570772,-799.4251433267784
-508.0955276490929,-797.9692567906297
-510.92460428951404,-797.3487622938933
-514.2962380128138,-797.5590132183744
-517.1289380554273,-796.9176001480115
-519.0829935699983,-794.4519153393799
-523.0231682413839,-795.4563253144355
-533.0433100518526,-805.6182902646666
-541.4638068259839,-813.2317910027335
-542.140100959012,-809.1724852787273
-541.6794624972774,-803.4577524105798
-541.1903631012403,-797.7524621625104
-541.2366417331972,-792.8826506144342
-545.2225227131958,-793.7892672027373
-549.7866877920325,-795.502104288019
-553.7943508801094,-796.3741689264401
-557.8116208956262,-797.2297006470557
-561.3260282409668,-797.2064287367615
-563.575304834308,-795.6179207263476
-565.8200861032711,-794.0230665176465
-568.0603541424949,-792.4218788319157
-570.2960910826154,-790.814370440933
-573.1144865561463,-790.0099906327038
-574.7539003689506,-787.5804428822992
-576.9759371577184,-785.9540495098761
-578.5993272489455,-783.5169548306327
-580.2135583322047,-781.0769659434858
-581.8186270265004,-778.6341151304623
-584.6162077739123,-777.787175008723
-853.1329170637231,-1127.63479275089
-858.8082466405274,-1128.3494119740672
-865.1027403955613,-1129.8346111533715
-870.802714898777,-1130.5006111121386
-876.5137295496685,-1131.1430864001823
-0.0,-0.0
-1004.5953852467725,-1281.0823985758639
-1015.722724657118,-1287.5975095561191
-1023.1663605224264,-1289.3589875187174
-1025.6376711035791,-1284.8359302312597
-1026.8391586862285,-1278.7499138567161
-1029.2708113679432,-1274.2235270414592
-1031.3763830805992,-1268.65588574033
-1031.8503418281562,-1261.8180820027574
-1032.9288162328917,-1255.7603515781652
-1034.6185008882037,-1250.4773319096375
-1025.411766207607,-1232.1281222839596
-0.0,-0.0
-0.0,-0.0
-36.83803951193527,-43.49665326110845
-35.017393002160304,-41.10696032708153
-33.83399439206909,-39.48747679299651
-35.25292095421495,-40.905153271878504
-36.02525390512855,-41.55936815052679
-34.81299695472473,-39.96317358556909
-35.58727802805082,-40.61459888456627
-36.36560618103362,-41.26187934505613
-36.484607415530995,-41.156693522859456
-36.60330440638263,-41.051164496682546
-35.38636175782363,-39.45637339574479
-35.50015327498566,-39.35402288778779
-36.285604394764746,-39.99193560840272
-37.07503017537468,-40.62563399499209
-37.19219115188764,-40.51840220592922
-35.95234954845244,-38.941347716095954
-33.34279096733296,-35.906243057562286
-32.772665173464134,-35.070677458925864
-32.18838862904452,-34.247739158455374
-32.28661046629118,-34.15515751095252
-31.695532697814006,-33.33756450315174
-32.482254474270476,-33.96914989028627
-33.272859606551194,-34.59648556721815
-33.372078521138235,-34.5007880370722
-34.865648121917864,-35.83833954075726
-35.66779543185306,-36.45282388281437
-36.473753951797775,-37.062990606044146
-37.28350548145618,-37.66882290454835
-37.391531167420645,-37.561594707304565
-36.77596955921291,-36.76313456412341
-35.45449120584398,-35.25590806283015
-34.83628271933953,-34.45915562369812
-34.92692239009359,-34.367282295176885
-35.0173197652022,-34.275170553355075
-34.390995151894685,-33.48521244463526
-33.76075715759063,-32.698796249192306
-33.846764023247054,-32.609761807695385
-33.21056723364586,-31.828575588918333
-33.29428397051587,-31.740993287713135
-32.652166047757554,-30.965077949032665
-32.73361039180027,-30.878969392093154
-32.8250859197716,-30.78171103690651
-32.91383809786483,-30.686792951814656
-33.00231580881135,-30.591618970814217
-33.09051831479912,-30.49618988755717
-32.44114610519302,-29.724939686759996
-32.526848221639334,-29.631134719521594
-32.61227909803164,-29.537082659465344
-32.697438021965326,-29.442784290887577
-32.782324283303645,-29.348240400138472
-32.866937174183555,-29.253451775615666
-32.951275989021575,-29.158419207757646
-32.284536842144384,-28.402617500649864
-32.353841082516155,-28.323646785103254
-32.435497017843694,-28.23009977321109
-32.516882474891155,-28.13631735167409
-32.59799677498854,-28.042300302540035
-32.678839241727054,-27.948049409813205
-32.75940920096463,-27.85356545944798
-32.83970598083175,-27.758849239342098
-32.91972891173678,-27.663901539330297
-32.23204762110739,-26.92759005463848
-32.3096726397247,-26.83440056930329
-32.38702822930629,-26.740987313001693
-32.464113744787014,-26.64735106470305
-32.54766852557554,-26.545230711923743
-32.62376838610532,-26.451649027797025
-32.69959917969415,-26.357849181739883
-31.994799321852312,-25.638502615293255
-32.06829746976918,-25.546512431061814
-32.141531132032505,-25.454311550080966
-31.428780199650976,-24.743317788082237
-31.499709839789972,-24.65295682081642
-31.57037968374393,-24.562392526467136
-31.640789148658094,-24.471625651970086
-31.710937653825187,-24.38065694593179
-31.78082462069024,-24.28948715862336
-31.856975337631894,-24.189525053988
-31.1281549790224,-23.495488239276128
-31.195502272094874,-23.40599577013812
-31.26259227795666,-23.31631025832013
-31.32942444327805,-23.226432443509957
-31.395998216855794,-23.13636306698155
-31.46231304961778,-23.04610287158874
-31.52836839462752,-22.95565260175917
-31.594163707088672,-22.865013003488123
-31.659698444349537,-22.774184824332384
-30.91151124370477,-22.10154910023987
-30.974856237685064,-22.01268454902179
-31.0323790961438,-21.931517221414882
-31.095235284618852,-21.842306256304408
-31.15783501284266,-21.75291514515873
-31.220177764519335,-21.66334462523764
-31.282263025472417,-21.57359543528063
-31.344090283649123,-21.48366831550079
-31.40565902912462,-21.393564007578615
-31.466968754106073,-21.303283254656122
-31.528018952937,-21.212826801330497
-31.588809122101402,-21.122195393647967
-31.64933876022785,-21.031389779097793
-31.709607368093682,-20.94041070660599
-31.77523701980723,-20.84068886421637
-31.83495744292819,-20.74934901646196
-31.894415304884774,-20.6578380369179
-31.953610115293802,-20.566156680327847
-32.0125413859417,-20.47430570284056
-32.07120863078851,-20.382285862003716
-32.12961136597176,-20.290097916757777
-31.34070308060504,-19.666223084602535
-31.397052399051486,-19.57613599899672
-31.453142767987725,-19.485887457762384
-31.508973724804296,-19.39547820523105
-31.56454480903125,-19.3049089870597
-31.614976714913876,-19.222207139541844
-30.814102461849913,-18.614271123807534
-30.867432897331284,-18.525700697375807
-30.92050875137841,-18.436977478858378
-30.973329586244272,-18.34810220000655
-31.025894966285158,-18.2590755938257
-31.078204457964198,-18.169898394569366
-31.130257629854988,-18.08057133773309
-30.31588588451612,-17.4913425167137
-30.365993485274863,-17.404207527268934
-30.415850640257997,-17.316928995336248
-30.46545693826495,-17.229507640751784
-30.51943460297671,-17.133712718340643
-30.56526819920519,-17.05181456357816
-30.61088202426135,-16.969793802422977
-30.656275750171528,-16.88765102462285
-30.7014490505446,-16.80538682080285
-30.746401600574323,-16.723001782461203
-30.79113307704174,-16.640496501964897
-30.83564315831746,-16.55787157254548
-30.879931524363926,-16.475127588294878
-30.923997856737813,-16.392265144160984
-30.96784183859227,-16.309284835943423
-31.011463154679145,-16.22618726028939
-31.05101859326279,-16.150363597171687
-31.097526896104107,-16.060629531437478
-31.143775877943362,-15.970761536771915
-31.189765153112162,-15.880760362580578
-31.235494338107852,-15.79062675937951
-30.387221250122423,-15.251779722252362
-30.431137459719107,-15.163966265712961
-30.47479990530789,-15.076026357480483
-30.51820822278945,-14.987960730882186
-30.561362050183615,-14.899770120293693
-30.60426102763238,-14.811455261132918
-30.646904797402904,-14.723016889853882
-30.69045390475478,-14.63202101967196
-30.732579158837492,-14.543334495423922
-30.774448135202363,-14.454526694905642
-30.816060484705687,-14.365598358681783
-30.857415860343814,-14.276550228322039
-30.898513917255936,-14.187383046395174
-30.029373303529212,-13.683447628331354
-30.06876209718519,-13.596674076511485
-31.02026075923223,-13.919174631753036
-31.060326135590742,-13.829538689006906
-30.185422721716826,-13.335676027530868
-30.223806596828112,-13.248453298311071
-31.182408278791275,-13.552026192963517
-30.302306596893775,-13.067907824431883
-30.339092865736614,-12.98227422619819
-30.375637136637746,-12.896537075638319
-30.41193911810403,-12.810697056629419
-30.447998520574885,-12.72475485386927
-30.48381505642467,-12.638711152870636
-30.519388439964953,-12.552566639955895
-30.554718387446787,-12.46632200225156
-30.58980461706299,-12.379977927682738
-30.62464684895035,-12.293535104967788
-30.65924480519192,-12.206994223612627
-30.69532867965107,-12.115972814767721
-30.730188264227216,-12.027282704133631
-30.764791591023087,-11.938492298482048
-29.865831148104668,-11.490523479498265
-29.898888067093726,-11.404231335403557
-29.931695660480756,-11.317844091891239
-29.964253654684608,-11.231362469340938
-29.996561778205475,-11.144787188919414
-30.02861976162727,-11.058118972574327
-30.060427337619753,-10.971358543028435
-30.091984240940878,-10.88450662377335
-29.181937389425183,-10.460140065967979
-29.214654827586568,-10.368410837971885
-29.24431093548445,-10.284467799001785
-29.27372584876646,-10.200439938123369
-29.30289932483091,-10.1163279483627
-29.331831123067417,-10.032132523439559
-29.36052100485883,-9.94785435776196
-29.388968733583226,-9.863494146420303
-29.41717407461587,-9.779052585181663
-29.445136795331113,-9.694530370484062
-29.47285666510436,-9.60992819943071
-29.500333455313932,-9.525246769784268
-29.52756693934297,-9.440486779961084
-29.550546230064683,-9.368309212702691
-29.577476097597216,-9.282936372509802
-29.604159319768982,-9.197486122290988
-29.63059567406967,-9.11195917461244
-29.656784940047608,-9.02635624267984
-29.682726899311596,-8.940678040332505
-29.708421335532684,-8.854925282037474
-29.733868034446015,-8.769098682883513
-29.759066783852624,-8.683198958575087
-29.78401737362117,-8.597226825426448
-29.808719595689706,-8.511183000355748
-29.833173244067414,-8.42506820087886
-29.859494112207084,-8.331303101140323
-29.88264304401788,-8.24788728728818
-29.90555894497542,-8.164407154754144
-29.928241636376914,-8.080863354533058
-28.984539620649855,-7.739280520757645
-29.006038727220993,-7.658310345954647
-29.02731163887543,-7.57728045010918
-29.04835818972274,-7.496191465108649
-29.06917821563769,-7.415044023301219
-29.089771554261524,-7.333838757490996
-29.110138045003257,-7.252576300932929
-29.13027752904091,-7.171257287327951
-29.14771323762986,-7.100057254480219
-29.168094702398605,-7.015857141640393
-29.18823293562124,-6.931598523855475
-29.20812776936588,-6.847282103754571
-29.22777903773032,-6.76290858444888
-29.247186576843415,-6.678478669525744
-29.26635022486651,-6.593993063042739
-29.285269821994742,-6.5094524695218485
-29.303945210458345,-6.424857593943667
-29.322376234524025,-6.340209141741344
-29.340562740496235,-6.255507818794904
-29.358504576718442,-6.170754331425154
-29.376684318652973,-6.083618860695371
-29.394129636643658,-5.9987617809167055
-29.411329838192184,-5.913854677709469
-29.428284779866786,-5.828898259110461
-29.444994320280887,-5.743893233567827
-29.461458320094327,-5.658840309934965
-29.477676642014483,-5.573740197464693
-29.493649150797435,-5.488593605803385
-29.509375713249078,-5.403401244985006
-29.524856198226264,-5.318163825425108
-29.540090476637847,-5.232882057915118
-29.555078421445828,-5.1475566536160935
-29.567568033340148,-5.075324678658669
-29.582100881581322,-4.98992058373133
-29.596387045895828,-4.9044748780608085
-29.61042640715194,-4.818988274175291
-29.624218848275994,-4.733461484944117
-29.63776425425339,-4.647895223571647
-29.651062512129545,-4.562290203591401
-29.66411351101083,-4.476647138860159
-29.67691714206549,-4.390966743551954
-29.68947329852459,-4.305249732152063
-29.70178187568284,-4.219496819451131
-29.713842770899536,-4.133708720539156
-29.725976921606467,-4.0455279082116835
-29.73753534199145,-3.9596706660793908
-29.748845782288164,-3.8737804044157764
-29.75990814817934,-3.7878578394561067
-29.770722347416342,-3.70190368770518
-29.78128828982001,-3.6159186659311713
-29.791605887281392,-3.529903491159601
-29.801675053762455,-3.443858880667537
-29.811495705296835,-3.3577855519774333
-29.821067759990527,-3.2716842228512237
-29.830391138022552,-3.1855556112844146
-29.83946576164565,-3.099400435499915
-29.846949939808685,-3.0264796861294867
-29.85556512725124,-2.9402773563831937
-29.86393135035999,-2.8540505077846037
-29.872048539369366,-2.767799859375765
-29.879916626590447,-2.6815261303973537
-29.887535546411574,-2.595230040282485
-29.894905235298893,-2.508912308650664
-29.902025631796867,-2.42257365530197
-29.908896676528805,-2.3362148002108674
-29.915518312197342,-2.2498364635202823
-29.92189048358493,-2.1634393655356767
-29.928013137554302,-2.077024226718857
-29.9340440487615,-1.9882170120000193
-29.939660658512256,-1.9017675076447793
-29.94502760266003,-1.8153021445282747
-29.950144836450093,-1.7288216436815704
-29.955012317210045,-1.6423267262620456
-29.959630004350156,-1.5558181135473237
-29.96399785936373,-1.4692965269290736
-29.968115845827402,-1.382762687907313
-29.971983929401446,-1.2962173180842052
-29.975602077830082,-1.2096611391579881
-29.978970260941708,-1.1230948729171697
-29.982088450649186,-1.036519241234189
-29.98519681097195,-0.942322772343849
-29.98773858445006,-0.8576331329216921
-29.990041162542685,-0.7729366526406536
-29.99210452688345,-0.6882340070770657
-29.993928661014046,-0.6035258718565448
-29.99551355038438,-0.518812922648308
-29.996859182352683,-0.43409583516013134
-29.9979655461856,-0.34937528513277255
-29.998832633058285,-0.26465194833455497
-29.999460436054473,-0.17992650055605708
-29.99984895016653,-0.09519961760466887
-29.9999981722955,-0.010471975299334406
-29.99988302698682,0.08377569521229059
-29.999513314567814,0.17088267632594756
-29.998890680823784,0.25798821675377515
-29.998015131004056,0.34509158212231633
-29.996886672490255,0.4321920380762916
-29.995505314796244,0.519288850285057
-29.993871069568037,0.6063812844486618
-29.99198395058371,0.6934686063040659
-29.989843973753267,0.7805500816313302
-29.987451157118542,0.8676249762598071
-29.984805520852994,0.9546925560743292
-29.981907087261586,1.0417520870213999
-29.978486377282227,1.1359377302932754
-29.975100502800995,1.2220269420023746
-29.97146740646291,1.30810607495395
-29.967587118232213,1.3941744192039904
-29.963459670111863,1.4802312648974654
-29.959085096143294,1.56627590227418
-29.95446343240613,1.6523076216746275
-29.94959471701788,1.7383257135458172
-29.94447899013364,1.8243294684472318
-29.93911629394574,1.9103181770565467
-29.93350667268342,1.996291130175452
-29.92765017261244,2.082247618735743
-29.922472945430297,2.1553683745457404
-29.91612407839696,2.2417671881704195
-29.909525742031224,2.328147307790381
-29.90267799135633,2.414508013085402
-29.895580883475404,2.500848583897074
-29.888234477570933,2.587168300234864
-29.88063883490429,2.673466442282301
-29.87279401881523,2.7597422904026634
-29.86470009472136,2.845995125145163
-29.856357130117573,2.932224227251
-29.847765194575512,3.018428877659147
-29.838924359742972,3.1046083575126633
-29.829023711909965,3.198334628257806
-29.81971554686819,3.2839860998286534
-29.81016144151847,3.369610486481398
-29.800361474659,3.4552070820226617
-29.79031572711574,3.540775180488117
-29.780024281741728,3.6263140761485464
-29.76948722341642,3.71182306351564
-29.75870463904498,3.7973014373476786
-29.747676617557577,3.8827484926554545
-29.73640324990863,3.9681635247080647
-29.72488462907607,4.053545829038719
-29.713120850060577,4.138894701450552
-29.70291893146227,4.211485124155165
-29.69063348511639,4.297241353762357
-29.67810044979493,4.382961748849994
-29.66531993001033,4.468645594599321
-29.65229203233884,4.554292176496208
-29.639016865419563,4.6399007803372925
-29.62549453995357,4.725470692235988
-29.611725168702975,4.811001198628283
-29.597708866490013,4.896491586278736
-29.583445750196038,4.981941142286613
-29.5689359387606,5.067349154091493
-29.55417955318042,5.152714909479516
-29.53784600459215,5.245536522511259
-29.522659771255093,5.330343331410862
-29.50723004759957,5.415106177909823
-29.491556960883358,5.4998243629203785
-29.475640640371388,5.584497187723037
-29.459481217334716,5.66912395397234
-29.443078825049362,5.753703963702855
-29.42643359879527,5.838236519334649
-29.409545675855167,5.9227209236793
-29.392415195513458,6.007156479945361
-29.375042299055046,6.09154249174434
-29.35742712976416,6.175878263096447
-29.337880194921656,6.268076712072352
-29.319758198018928,6.352305031223065
-29.301394384243455,6.4364809592685095
-29.28278890505213,6.5206038019615775
-29.26394191389504,6.604672865492827
-29.244853566214125,6.688687456496442
-29.22552401944194,6.772646882055954
-29.205953433000364,6.85655044970969
-29.186141968299246,6.940397467456853
-29.166089788735096,7.024187243762967
-29.14579705968977,7.107919087565579
-29.12526394852903,7.1915923082802
-29.10633661475095,7.267817338706867
-29.085344461564215,7.351376575319472
-29.06411242484935,7.434875180910409
-29.042640679719128,7.518312466818834
-29.02092940326338,7.601687744889487
-28.998978774547453,7.6850003274786
-28.97678897461077,7.768249527459568
-28.95436018646536,7.851434658228358
-28.931692595094308,7.934555033709533
-28.90878638745023,8.017609968361652
-28.885641752453804,8.10059877718293
-28.862258880992087,8.183520775717103
-29.79014818684808,8.57595889715151
-29.76525898739366,8.66194882306405
-28.780762816127098,8.46567727484551
-28.756196288013772,8.548752835661046
-29.689102961930285,8.919482345736347
-29.663222183367058,9.005179048758583
-29.63709404440995,9.09080065796189
-29.61071876294045,9.176346459351144
-29.58409655890097,9.261815739563371
-29.55722765429294,9.347207785873845
-29.53011227317508,9.432521886201714
-29.502750641661432,9.517757329116248
